$ANSIBLE_VAULT;1.1;AES256
30366430623737353333633561383364663164373164306566353539336166613735313865303337
3862666531656330343863666439303861623730343030360a623731396566356361356466623535
61316233666430643133393861306364623338326535363531626435303834363731363736306331
3066343637363463310a656464363335636235626236663135653534393664373837636338663338
33646433393361306634303166633831353834653337343933643866663034313434376166663562
38386262316166363930386363333735343230623339636435343037363738323033663330303630
64373139643132393563613337336663623035373932653137373365383266623530383134363661
33376366386235316366633563386637646435373065346562333534343064633337313039626438
61363531363832366262353536383235306461636136616563336262343232653735646661613738
64663835346662653037303339613763623965303437353937636536373465616164376666346665
30363633353338313330336361616532336231643038653233626334623435303666636136653734
61383465636238376438323432393439356235306238323961326663363061393861366138383735
36386431613664323638316663326439346139356634306364313761323430656563356439376333
65373335383265623234623765326461633833646335306631303338633338396233656133643761
32333131336232383738393338383535313535653737333436623861636662323430373430616134
36623961343362633930653263383935336437346331646636666638366436383130366562326164
34343933616664346132643139626139363966366337393266633839663138343339656235336635
64343862613363306334373939333038646361396233613131343064663231323161626239623034
64313533343065663636396561336563643837663835313637373162306534383661663962616631
64396664653139366464623133333464373964646462303832383134663766633063396364636263
38303262663830623539363339626439303537613165333032616536333135633261643862326332
36363964666438353536346233643636326563386333663761366265393938343130316637306435
39376531356462626131363537396438383032613736386363336137663739316338306662353139
61646439323132353562386461376339653933323530353433336532313761346634633836366530
38396365643530316364336130616333313030313738623065336133323338396564346662393563
33656335626438656663393138303535636331363036346261383431353039333961386663376432
39643732343066616365383131643534386161366234636539653666343131623035653536373132
33306131623039366232393264353766343465623035393439356637343832366363323837306265
63653235303236616564623735666138616664333966313432336666306563376162346661366333
36343264633538346561386164323139393161326162623566613263656334383031653633336635
34383834303338396432383639333236343066343362333361343964393861386630316435643334
62373663366436636564663638643733613037313336326335323463306235313932383931623261
66333535616435333635383833316531323835653265396438636261323532393261
