$ANSIBLE_VAULT;1.1;AES256
32623364636435663538313730643239653766306665636261333234386635643630373235373735
3837386632346234353739656263323733396466346338350a303463306361613433653833613538
62613866646238613861323962366166393263666130376231666564323930336338666436306466
3938623837326365330a303862393265313831313133393061663261653731666365373066333235
61626234343936373738636235343239393331343666333632663639316466336135306134396166
37656562313738366364623561343333666137633338646135386138343031333238353565623363
65633937393763383230613062396563336536303130393436303938356362633133396632653962
66643965666562613434646439396362316633343363633463623030326362346636316264633561
31666365376538616363643066626332616638383737333138656363353738313361376462313132
32623738346134343562303130643964343034326237663036376637303664316233333037386134
65393433393963666363363837316639306330646264613834383233386539303863326461356637
62366439303964376138663332353863346235323239383163313630346331333264363833346330
64653632653838313962656266623065383830646134346538373134336361323362333234383134
61386139623431313637623737353332386563333061363961396237623361386434656637613562
64633333623365646638383336643463373035373734623038323635336534346261383663336562
34666231663761666137396565613162336638386434343836663634373838356539646631363230
63326137646132333239626233623739643839343732653233356532386432383265613538373063
34653162666232363036356433303930323338643262303735363138653261656636346638326335
37393863613562396263333961636433333133393864316539383236363131353166393737346138
62303337316130666463316430323163373364376630353137323337643739383838326237646564
61666237653335326666366665663030353532353831353932616366346465666138656333323565
32396537646338373932613266363434306466363261383063623137346637633830336439653438
61323138363938323335613863363332386264323138383332653661643466663061376333616638
37653637633464613466383036316631633165633562633036386538313134363635626532663330
62396565616339373363616462393961383366663065643232613661373435633339633563383535
30643632613062373139663834363862616161633534653231333666366333313964373632313435
37396337653631373434653737613864613961306238616164643566393737633132663236613632
33393834623833646534643535303466353734386235363235353761363065623066363965653934
37613431626430663735613030623938353433366163373364323263353537343736383937663837
62336463656336303666303563633463333530386538653665353730623031316238386363376461
633130646230316464303932613533363966
